1.0
0.72
0.702
0.696
0.671
0.612
0.573
0.724
0.739
0.663
0.653
0.661
0.835
0.74
0.575
0.518
0.692
0.752
0.731
0.629
0.665
0.849
0.767
0.672
0.709
0.718
0.574
0.644
0.8
0.651
0.535
0.703
0.8
0.807
0.775
0.699
0.615
0.787
0.731
0.659
0.632
0.591
0.675
0.659
0.606
0.734
0.81
0.698
0.718
0.716
0.628
0.628
0.637
0.553
0.529
0.51
0.778
0.714
0.693
0.62
0.636
0.698
0.602
0.637
0.662
0.627
0.547
0.676
0.837
0.808
0.724
0.714
0.738
0.82
0.858
0.741
0.71
0.662
0.674
0.759
0.784
0.843
0.741
0.716
0.77
0.773
0.748
0.777
0.802
0.657
0.666
0.7
0.673
0.683
0.753
0.751
0.683
0.717
0.778
0.732
0.716
0.625
0.59
0.737
0.799
0.785
