0.0
88.82567196480981
57.40209055426466
61.48983655857283
53.225933528685054
54.96362433464518
33.926390907374746
51.749396131742444
50.17967716117751
30.903074280724887
38.62641583165593
84.0535543567314
61.87891401761993
85.98837130682264
26.057628441590765
66.79071791798619
89.14594774862175
91.23595782365635
38.8329756778952
43.01162633521314
131.36209498938422
90.4267659490264
56.01785429664367
46.93612681080534
78.5175139698144
75.47847375245475
42.23742416388575
134.54738942097688
92.77930803794561
113.23427043081966
25.826343140289914
56.4889369699944
99.37303457175895
104.52750834110607
65.612498809297
81.00617260431454
155.84607791022526
120.37026210821342
152.3778199082793
47.89572005931219
43.61192497471305
45.09988913511872
67.36467917239716
68.47627326307996
40.85339643163099
144.7100549374507
146.76852523616907
35.805027579936315
68.92024376045111
69.06518659932803
38.71692136521188
46.357307945997036
47.275786614291256
37.403208418530085
41.291645644125154
139.05754204644924
112.44554237496477
37.3496987939662
98.55962662266938
113.71455491712571
53.3572862878164
85.67379996241559
105.18079672639868
27.349588662354687
33.1058907144937
35.08560958569767
72.09715667070374
89.62700485902673
67.49074010558782
53.749418601506754
49.54795656734998
63.41135544995076
67.32013071882734
270.01851788349626
235.55254190944322
54.52522352086234
46.16275555033516
50.08991914547278
53.95368384086484
46.010868281309364
57.436921923097515
80.32434251209281
117.26039399558574
54.120236510939236
89.2972563968233
102.41093691593686
43.81780460041329
42.46174749112429
52.0
67.85278181474949
67.30527468185537
66.57326790837296
27.54995462791182
29.427877939124322
232.91629397704233
227.10350063352172
36.193922141707716
84.42748367682174
62.67375846396959
54.589376255824725
41.82104733265297
74.57881736793632
78.10249675906654
71.29516112612411
59.19459434779497
96.97422337920526
