1.0
0.4782608695652174
0.47619047619047616
0.45
0.5263157894736842
0.6111111111111112
0.6153846153846154
0.47368421052631576
0.6111111111111112
0.42857142857142855
0.5333333333333333
0.43478260869565216
0.46153846153846156
0.5263157894736842
0.36363636363636365
0.2631578947368421
0.68
0.5
0.5294117647058824
0.9230769230769231
0.4583333333333333
0.41379310344827586
0.5454545454545454
0.5263157894736842
0.5
0.5652173913043478
0.4117647058823529
0.32
0.45714285714285713
0.3076923076923077
0.6363636363636364
0.47058823529411764
0.35714285714285715
0.56
0.6086956521739131
0.5714285714285714
0.5
0.4857142857142857
0.5172413793103449
0.47058823529411764
0.6428571428571429
0.4666666666666667
0.4444444444444444
0.47368421052631576
0.5625
0.42857142857142855
0.48
0.6666666666666666
0.5454545454545454
0.45454545454545453
0.6428571428571429
0.5625
0.4666666666666667
0.46153846153846156
0.4
0.16666666666666666
0.4
0.6666666666666666
0.4642857142857143
0.2962962962962963
0.3888888888888889
0.4444444444444444
0.3181818181818182
0.6
0.6428571428571429
0.5625
0.45454545454545453
0.5925925925925926
0.6
0.5238095238095238
0.6842105263157895
0.44
0.5
0.34285714285714286
0.3888888888888889
0.4444444444444444
0.5882352941176471
0.5882352941176471
0.5555555555555556
0.5555555555555556
0.42857142857142855
0.5172413793103449
0.2692307692307692
0.3684210526315789
0.6666666666666666
0.4583333333333333
0.7058823529411765
0.6111111111111112
0.5
0.6470588235294118
0.42857142857142855
0.38095238095238093
0.5384615384615384
0.6153846153846154
0.3225806451612903
0.3870967741935484
0.5
0.3
0.4074074074074074
0.5454545454545454
0.7058823529411765
0.6190476190476191
0.65
0.6190476190476191
0.4166666666666667
0.3333333333333333
